distance,read_0,read_1,read_2,read_3,read_4,read_5,read_6,read_7,read_8,read_9,read_10,read_11,read_12,read_13,read_14,read_15,read_16,read_17,read_18,read_19,read_20,read_21,read_22,read_23,read_24,read_25,read_26,read_27,read_28,read_29,read_30,read_31,read_32,read_33,read_34,read_35,read_36,read_37,read_38,read_39,read_40,read_41,read_42,read_43,read_44,read_45,read_46,read_47,read_48,read_49
0.0,4.66644997E-06
,4.67037808E-06
,4.66120582E-06
,4.68926919E-06
,4.66865913E-06
,4.67452401E-06
,4.66456277E-06
,4.66828669E-06
,4.66982056E-06
,4.66446409E-06
,4.68182225E-06
,4.68307962E-06
,4.66615074E-06
,4.66559368E-06
,4.67254495E-06
,4.67142263E-06
,4.67265681E-06
,4.69547103E-06
,4.66622851E-06
,4.68991448E-06
,4.67131849E-06
,4.67543805E-06
,4.67495011E-06
,4.67370592E-06
,4.70033228E-06
,4.67215659E-06
,4.69327006E-06
,4.69174211E-06
,4.67593418E-06
,4.67653445E-06
,4.67841073E-06
,4.70375608E-06
,4.67671271E-06
,4.69473207E-06
,4.67683822E-06
,4.68079770E-06
,4.68131520E-06
,4.68002872E-06
,4.69846646E-06
,4.69769066E-06
,4.68365988E-06
,4.68273674E-06
,4.67964037E-06
,4.68091957E-06
,4.68343933E-06
,4.70911664E-06
,4.68458211E-06
,4.70212626E-06
,4.68154667E-06
,4.68053577E-06
,
0.11000000000000001,4.70000214E-06
,4.70414670E-06
,4.70005989E-06
,4.70787018E-06
,4.70725945E-06
,4.70523446E-06
,4.73236923E-06
,4.70916802E-06
,4.71573640E-06
,4.70966825E-06
,4.70832538E-06
,4.70966461E-06
,4.71202202E-06
,4.74006629E-06
,4.71306475E-06
,4.72839611E-06
,4.71781232E-06
,4.71826206E-06
,4.71383828E-06
,4.71687554E-06
,4.74613580E-06
,4.72126158E-06
,4.73411819E-06
,4.72157762E-06
,4.72126840E-06
,4.71894327E-06
,4.72334114E-06
,4.74021408E-06
,4.74059334E-06
,4.72320517E-06
,4.72807596E-06
,4.73324326E-06
,4.72627971E-06
,4.72703596E-06
,4.75789784E-06
,4.73864793E-06
,4.74317176E-06
,4.73273576E-06
,4.73180307E-06
,4.74227272E-06
,4.73448199E-06
,4.76409286E-06
,4.74504577E-06
,4.74592525E-06
,4.73687578E-06
,4.73745104E-06
,4.73946238E-06
,4.74592116E-06
,4.75891375E-06
,4.76398372E-06
,
0.22000000000000003,4.78385891E-06
,4.76889727E-06
,4.75883735E-06
,4.75889374E-06
,4.76109562E-06
,4.79012670E-06
,4.77180356E-06
,4.77557114E-06
,4.76661489E-06
,4.77690037E-06
,4.76943933E-06
,4.76850755E-06
,4.79818164E-06
,4.77901222E-06
,4.78081029E-06
,4.78163520E-06
,4.77509684E-06
,4.77635649E-06
,4.77836329E-06
,4.80648805E-06
,4.79120126E-06
,4.79788559E-06
,4.80091057E-06
,4.82289579E-06
,4.81810275E-06
,4.82690439E-06
,4.84597058E-06
,4.84617340E-06
,4.82774021E-06
,4.84114662E-06
,4.82809992E-06
,4.83786107E-06
,4.82794894E-06
,4.85513510E-06
,4.83655776E-06
,4.83326630E-06
,4.83656504E-06
,4.81936422E-06
,4.84280235E-06
,4.81687130E-06
,4.84010980E-06
,4.83836720E-06
,4.82015093E-06
,4.82313180E-06
,4.82371343E-06
,4.82439054E-06
,4.84020347E-06
,4.82387213E-06
,4.85355849E-06
,4.82665700E-06
,
0.33000000000000007,4.86731187E-06
,4.87586021E-06
,4.85927194E-06
,4.86899216E-06
,4.88370415E-06
,4.85822284E-06
,4.86441832E-06
,4.86464569E-06
,4.86594899E-06
,4.86972522E-06
,4.88565911E-06
,4.88999922E-06
,4.87220268E-06
,4.89922650E-06
,4.87595571E-06
,4.87683974E-06
,4.88161095E-06
,4.89774902E-06
,4.90307320E-06
,4.88382921E-06
,4.91318679E-06
,4.90966750E-06
,4.89224294E-06
,4.89690774E-06
,4.90872617E-06
,4.91663332E-06
,4.89607055E-06
,4.90883394E-06
,4.90589628E-06
,4.93242760E-06
,4.91472201E-06
,4.91769561E-06
,4.93735661E-06
,4.91012133E-06
,4.91938636E-06
,4.91927722E-06
,4.92369736E-06
,4.94142068E-06
,4.92326171E-06
,4.95366294E-06
,4.93083644E-06
,4.95400445E-06
,4.93747802E-06
,4.94112192E-06
,4.96511711E-06
,4.93813377E-06
,4.96659186E-06
,4.95448103E-06
,4.96991061E-06
,4.95668337E-06
,
0.44000000000000006,4.98506733E-06
,5.01312479E-06
,4.99569524E-06
,5.00182523E-06
,5.01793056E-06
,4.99519138E-06
,5.02450484E-06
,5.00890246E-06
,5.01482373E-06
,5.01404475E-06
,5.01902196E-06
,5.03955880E-06
,5.01321711E-06
,5.04554782E-06
,5.04651280E-06
,5.02956846E-06
,5.03549154E-06
,5.03666706E-06
,5.05601975E-06
,5.03027650E-06
,5.05116850E-06
,5.06523247E-06
,5.06449351E-06
,5.05764274E-06
,5.05250364E-06
,5.07555933E-06
,5.05026492E-06
,5.07061077E-06
,5.07081359E-06
,5.08848780E-06
,5.08031371E-06
,5.07131472E-06
,5.09637857E-06
,5.06850711E-06
,5.09509255E-06
,5.09781603E-06
,5.10256905E-06
,5.11403186E-06
,5.08637913E-06
,5.10873633E-06
,5.11002600E-06
,5.12590441E-06
,5.11604185E-06
,5.12079623E-06
,5.12703309E-06
,5.10989912E-06
,5.14049998E-06
,5.12104043E-06
,5.14726298E-06
,5.13372970E-06
,
0.55,5.18233901E-06
,5.18992101E-06
,5.20833191E-06
,5.18371235E-06
,5.20197318E-06
,5.21544780E-06
,5.22320533E-06
,5.21628408E-06
,5.20516187E-06
,5.23047720E-06
,5.20397452E-06
,5.23466679E-06
,5.23913968E-06
,5.24116786E-06
,5.24152483E-06
,5.21757420E-06
,5.24517827E-06
,5.23335621E-06
,5.25030191E-06
,5.25212863E-06
,5.26144095E-06
,5.26232816E-06
,5.24203051E-06
,5.27444263E-06
,5.25551832E-06
,5.27995189E-06
,5.28160308E-06
,5.28593228E-06
,5.29248337E-06
,5.27264137E-06
,5.27943985E-06
,5.29697991E-06
,5.30066427E-06
,5.30336183E-06
,5.30861053E-06
,5.30896568E-06
,5.29969930E-06
,5.29686849E-06
,5.32107333E-06
,5.32267541E-06
,5.32430795E-06
,5.32718877E-06
,5.33376988E-06
,5.30932675E-06
,5.38323320E-06
,5.48812704E-06
,5.51616313E-06
,5.51673520E-06
,5.51974063E-06
,5.52441634E-06
,
0.6600000000000001,5.55768065E-06
,5.54480539E-06
,5.57402927E-06
,5.57562043E-06
,5.57349767E-06
,5.58000329E-06
,5.58211605E-06
,5.55611405E-06
,5.58313968E-06
,5.57185967E-06
,5.59140790E-06
,5.58518059E-06
,5.59032924E-06
,5.59668297E-06
,5.57197609E-06
,5.59846785E-06
,5.58898273E-06
,5.60368335E-06
,5.60808076E-06
,5.60906619E-06
,5.61216712E-06
,5.58875035E-06
,5.61228217E-06
,5.60554099E-06
,5.61209708E-06
,5.62170499E-06
,5.62510695E-06
,5.61547813E-06
,5.61510979E-06
,5.60261424E-06
,5.62964351E-06
,5.63134972E-06
,5.63320145E-06
,5.62261539E-06
,5.63766253E-06
,5.61668003E-06
,5.62408150E-06
,5.63776302E-06
,5.64472748E-06
,5.64545371E-06
,5.64490028E-06
,5.64771381E-06
,5.62104424E-06
,5.64545644E-06
,5.63762433E-06
,5.65285791E-06
,5.65597247E-06
,5.65811115E-06
,5.66020572E-06
,5.63636149E-06
,
0.7700000000000001,5.69173835E-06
,5.68907308E-06
,5.67515735E-06
,5.69108943E-06
,5.69501708E-06
,5.68399901E-06
,5.67965844E-06
,5.70339080E-06
,5.70261500E-06
,5.70845850E-06
,5.69683698E-06
,5.71443024E-06
,5.70064822E-06
,5.70309840E-06
,5.72385852E-06
,5.70848124E-06
,5.72800036E-06
,5.71881856E-06
,5.72086037E-06
,5.73686384E-06
,5.71360943E-06
,5.74426349E-06
,5.74882051E-06
,5.75190325E-06
,5.74343312E-06
,5.74361957E-06
,5.75192098E-06
,5.73508441E-06
,5.75978311E-06
,5.76623688E-06
,5.77142509E-06
,5.77765331E-06
,5.78071604E-06
,5.76355023E-06
,5.77056517E-06
,5.78637628E-06
,5.78654272E-06
,5.79425978E-06
,5.77734227E-06
,5.79937796E-06
,5.78895470E-06
,5.78884647E-06
,5.80903634E-06
,5.79140351E-06
,5.81501445E-06
,5.82026769E-06
,5.82341045E-06
,5.80750611E-06
,5.81160930E-06
,5.83123165E-06
,
0.8800000000000001,5.89990987E-06
,5.91170237E-06
,5.91695789E-06
,5.91432490E-06
,5.91008711E-06
,5.93755794E-06
,5.91540720E-06
,5.93216600E-06
,5.91346816E-06
,5.92864262E-06
,5.92259039E-06
,5.91234857E-06
,5.93844243E-06
,5.93094956E-06
,5.94022185E-06
,5.93377581E-06
,5.94022049E-06
,5.97206326E-06
,5.95108577E-06
,5.96672771E-06
,5.96978816E-06
,5.98212046E-06
,5.98190172E-06
,6.01287502E-06
,6.02361661E-06
,6.02417731E-06
,6.06401591E-06
,6.06868616E-06
,6.08811615E-06
,6.09984863E-06
,6.10678353E-06
,6.10474035E-06
,6.10171037E-06
,6.13135762E-06
,6.11052201E-06
,6.13636212E-06
,6.14667943E-06
,6.14858254E-06
,6.15338922E-06
,6.13918837E-06
,6.16965372E-06
,6.16548323E-06
,6.17360593E-06
,6.16541092E-06
,6.18557715E-06
,6.19658067E-06
,6.18369722E-06
,6.21636946E-06
,6.19558705E-06
,6.22226116E-06
,
0.9900000000000001,6.42055238E-06
,6.38467918E-06
,6.38394295E-06
,6.38711481E-06
,6.39391374E-06
,6.41447195E-06
,6.39269547E-06
,6.42439818E-06
,6.40384133E-06
,6.42097575E-06
,6.43116709E-06
,6.43646808E-06
,6.45253249E-06
,6.43689282E-06
,6.47188563E-06
,6.45771388E-06
,6.47485285E-06
,6.47259230E-06
,6.49143158E-06
,6.50585025E-06
,6.48833429E-06
,6.52301787E-06
,6.50560287E-06
,6.52232575E-06
,6.52884546E-06
,6.53611687E-06
,6.55524900E-06
,6.53630650E-06
,6.56806924E-06
,6.54726182E-06
,6.56135944E-06
,6.56682005E-06
,6.57463170E-06
,6.59551188E-06
,6.57134206E-06
,6.60176829E-06
,6.57971304E-06
,6.59467696E-06
,6.59871512E-06
,6.58643785E-06
,6.61966806E-06
,6.60451360E-06
,6.61153217E-06
,6.60962451E-06
,6.62250113E-06
,6.62181537E-06
,6.63743594E-06
,6.65656898E-06
,6.63175479E-06
,6.66116557E-06
,
1.1,6.69819974E-06
,6.70496865E-06
,6.70192685E-06
,6.70705367E-06
,6.71112230E-06
,6.73727436E-06
,6.71116595E-06
,6.73746581E-06
,6.71878797E-06
,6.72552596E-06
,6.72018132E-06
,6.72908118E-06
,6.75235469E-06
,6.72433862E-06
,6.75333877E-06
,6.73054819E-06
,6.73533395E-06
,6.73402837E-06
,6.74335251E-06
,6.76758054E-06
,6.73928571E-06
,6.76492527E-06
,6.74119428E-06
,6.75185674E-06
,6.75320825E-06
,6.75191404E-06
,6.77643629E-06
,6.74859666E-06
,6.77141634E-06
,6.75194315E-06
,6.75200181E-06
,6.75225147E-06
,6.74786088E-06
,6.77645357E-06
,6.74905232E-06
,6.76602349E-06
,6.75057890E-06
,6.74753755E-06
,6.77347180E-06
,6.74822832E-06
,6.77332264E-06
,6.74355761E-06
,6.76436639E-06
,6.74189960E-06
,6.74317653E-06
,6.74194507E-06
,6.74273588E-06
,6.76955096E-06
,6.74151852E-06
,6.75398587E-06
,
